35
Mantis_religiosa                   0.0000000 8.9999981 8.9999989 8.9999990 8.9999983 8.9999988 8.9999985 8.9999984 8.9999987 8.9999990 8.9999982 8.9999980 4.6074648 8.9999985 8.9999987 8.9999986 8.9999982 8.9999988 8.9999984 8.9999985 8.9999990 8.9999986 8.9999984 8.9999987 8.9999983 8.9999983 8.9999990 8.9999984 8.9999986 8.9999989 8.9999988 8.9999987 8.9999987 8.9999981 8.9999982 
Carasisus_morosus                  8.9999981 0.0000000 5.6324506 6.2936363 2.3540292 3.5195668 2.6997108 2.6242877 2.6199106 1.5013605 4.0037914 1.7231598 1.1278267 1.4019327 1.5549473 3.0960152 2.6209912 2.6055335 3.8503183 9.0000000 9.0000000 9.0000000 9.0000000 9.0000000 9.0000000 9.0000000 9.0000000 9.0000000 9.0000000 9.0000000 9.0000000 9.0000000 9.0000000 9.0000000 9.0000000 
Phyllium_siccifollium              8.9999989 5.6324506 0.0000000 1.7342834 5.2261932 4.2836906 3.6804981 4.2886294 4.2451005 3.8713451 3.4672484 3.9068567 5.6352465 3.5838694 3.4279059 4.1076960 3.8307508 4.8231039 3.5227042 9.0000000 9.0000000 9.0000000 9.0000000 9.0000000 9.0000000 9.0000000 9.0000000 9.0000000 9.0000000 9.0000000 9.0000000 9.0000000 9.0000000 9.0000000 9.0000000 
Peruphasma_schultei                8.9999990 6.2936363 1.7342834 0.0000000 6.2746562 4.9692885 4.4775279 4.4659930 4.0321411 4.3037819 2.5954927 4.2560971 5.4088489 4.2716386 4.0962038 4.5268116 4.6536139 6.2343777 3.7725692 9.0000000 9.0000000 9.0000000 9.0000000 9.0000000 9.0000000 9.0000000 9.0000000 9.0000000 9.0000000 9.0000000 9.0000000 9.0000000 9.0000000 9.0000000 9.0000000 
Aretaon_asperrimus                 8.9999983 2.3540292 5.2261932 6.2746562 0.0000000 5.1273235 3.8962056 2.2494329 2.5852469 2.3432801 3.8039953 2.6116119 1.4579927 2.3803313 2.2237510 3.7536323 4.1320452 0.8108705 4.2131665 9.0000000 9.0000000 9.0000000 9.0000000 9.0000000 9.0000000 9.0000000 9.0000000 9.0000000 9.0000000 9.0000000 9.0000000 9.0000000 9.0000000 9.0000000 9.0000000 
Dryococelus_australis              8.9999988 3.5195668 4.2836906 4.9692885 5.1273235 0.0000000 3.2807269 3.1456681 3.2058794 3.0928154 3.2312287 2.9057801 5.2043400 2.8411030 2.7963218 3.6147423 4.2123054 5.1217376 2.0679837 3.6855692 3.7032659 3.6377296 3.8464372 0.3311379 3.7377800 3.4697543 3.3678481 3.7969444 3.4979467 3.4453493 3.6934964 0.5658444 0.6037136 0.6345618 0.7297344 
Spinotectarchus_acornutus          8.9999985 2.6997108 3.6804981 4.4775279 3.8962056 3.2807269 0.0000000 2.7288747 2.6754152 2.8911727 2.7251625 2.6792485 3.7038986 2.7223741 2.5846419 1.8711862 3.7295879 4.8821023 1.4411987 9.0000000 9.0000000 9.0000000 9.0000000 9.0000000 9.0000000 9.0000000 9.0000000 9.0000000 9.0000000 9.0000000 9.0000000 9.0000000 9.0000000 9.0000000 9.0000000 
Micrarchus_hystriculeus            8.9999984 2.6242877 4.2886294 4.4659930 2.2494329 3.1456681 2.7288747 0.0000000 0.3308500 0.7589028 1.7522545 1.0193281 0.9915009 0.7400015 0.9129554 2.8904557 2.9276555 1.4580679 1.1521441 9.0000000 9.0000000 9.0000000 9.0000000 9.0000000 9.0000000 9.0000000 9.0000000 9.0000000 9.0000000 9.0000000 9.0000000 9.0000000 9.0000000 9.0000000 9.0000000 
Micrarchus_sp                      8.9999987 2.6199106 4.2451005 4.0321411 2.5852469 3.2058794 2.6754152 0.3308500 0.0000000 1.0312782 1.3358158 1.0856760 0.9318088 1.0689831 0.9947695 2.9723819 2.9409107 2.2844202 1.3641174 9.0000000 9.0000000 9.0000000 9.0000000 9.0000000 9.0000000 9.0000000 9.0000000 9.0000000 9.0000000 9.0000000 9.0000000 9.0000000 9.0000000 9.0000000 9.0000000 
Tectarchus_salebrosus              8.9999990 1.5013605 3.8713451 4.3037819 2.3432801 3.0928154 2.8911727 0.7589028 1.0312782 0.0000000 1.7780182 0.8296912 0.8908666 0.1397611 0.2348685 2.3113091 2.9862011 1.9441589 0.8331730 9.0000000 9.0000000 9.0000000 9.0000000 9.0000000 9.0000000 9.0000000 9.0000000 9.0000000 9.0000000 9.0000000 9.0000000 9.0000000 9.0000000 9.0000000 9.0000000 
Asteliaphasma_jucundum             8.9999982 4.0037914 3.4672484 2.5954927 3.8039953 3.2312287 2.7251625 1.7522545 1.3358158 1.7780182 0.0000000 2.5031165 4.0915233 1.6493808 2.1553210 2.3792728 2.9944964 1.8836983 0.9315655 9.0000000 9.0000000 9.0000000 9.0000000 9.0000000 9.0000000 9.0000000 9.0000000 9.0000000 9.0000000 9.0000000 9.0000000 9.0000000 9.0000000 9.0000000 9.0000000 
Tectarchus_ovobsessus              8.9999980 1.7231598 3.9068567 4.2560971 2.6116119 2.9057801 2.6792485 1.0193281 1.0856760 0.8296912 2.5031165 0.0000000 0.0942803 0.7616698 0.6235371 1.3713653 3.5028388 2.5573259 0.8259887 9.0000000 9.0000000 9.0000000 9.0000000 9.0000000 9.0000000 9.0000000 9.0000000 9.0000000 9.0000000 9.0000000 9.0000000 9.0000000 9.0000000 9.0000000 9.0000000 
Clitarchus_hookeri                 4.6074648 1.1278267 5.6352465 5.4088489 1.4579927 5.2043400 3.7038986 0.9915009 0.9318088 0.8908666 4.0915233 0.0942803 0.0000000 0.8812525 0.6644620 1.3061082 3.3712784 1.5798712 9.0000000 9.0000000 9.0000000 9.0000000 9.0000000 9.0000000 9.0000000 9.0000000 9.0000000 9.0000000 9.0000000 9.0000000 9.0000000 9.0000000 9.0000000 9.0000000 9.0000000 
Niveaphasma_anulata                8.9999985 1.4019327 3.5838694 4.2716386 2.3803313 2.8411030 2.7223741 0.7400015 1.0689831 0.1397611 1.6493808 0.7616698 0.8812525 0.0000000 0.2310991 2.2039822 2.8773399 2.0695960 0.6167582 9.0000000 9.0000000 9.0000000 9.0000000 9.0000000 9.0000000 9.0000000 9.0000000 9.0000000 9.0000000 9.0000000 9.0000000 9.0000000 9.0000000 9.0000000 9.0000000 
Acanthoxyla_sp                     8.9999987 1.5549473 3.4279059 4.0962038 2.2237510 2.7963218 2.5846419 0.9129554 0.9947695 0.2348685 2.1553210 0.6235371 0.6644620 0.2310991 0.0000000 2.1857436 2.5208233 1.9716346 0.6573231 9.0000000 9.0000000 9.0000000 9.0000000 9.0000000 9.0000000 9.0000000 9.0000000 9.0000000 9.0000000 9.0000000 9.0000000 9.0000000 9.0000000 9.0000000 9.0000000 
Argosarchus_horridus               8.9999986 3.0960152 4.1076960 4.5268116 3.7536323 3.6147423 1.8711862 2.8904557 2.9723819 2.3113091 2.3792728 1.3713653 1.3061082 2.2039822 2.1857436 0.0000000 3.4639150 4.6925550 0.7255101 9.0000000 9.0000000 9.0000000 9.0000000 9.0000000 9.0000000 9.0000000 9.0000000 9.0000000 9.0000000 9.0000000 9.0000000 9.0000000 9.0000000 9.0000000 9.0000000 
Rumulus_artemis                    8.9999982 2.6209912 3.8307508 4.6536139 4.1320452 4.2123054 3.7295879 2.9276555 2.9409107 2.9862011 2.9944964 3.5028388 3.3712784 2.8773399 2.5208233 3.4639150 0.0000000 3.1521183 2.7791608 9.0000000 9.0000000 9.0000000 9.0000000 9.0000000 9.0000000 9.0000000 9.0000000 9.0000000 9.0000000 9.0000000 9.0000000 9.0000000 9.0000000 9.0000000 9.0000000 
Medauroidea_extradentata           8.9999988 2.6055335 4.8231039 6.2343777 0.8108705 5.1217376 4.8821023 1.4580679 2.2844202 1.9441589 1.8836983 2.5573259 1.5798712 2.0695960 1.9716346 4.6925550 3.1521183 0.0000000 4.2131665 9.0000000 9.0000000 9.0000000 9.0000000 9.0000000 9.0000000 9.0000000 9.0000000 9.0000000 9.0000000 9.0000000 9.0000000 9.0000000 9.0000000 9.0000000 9.0000000 
Clitarchus_hookeri_extraction      8.9999984 3.8503183 3.5227042 3.7725692 4.2131665 2.0679837 1.4411987 1.1521441 1.3641174 0.8331730 0.9315655 0.8259887 9.0000000 0.6167582 0.6573231 0.7255101 2.7791608 4.2131665 0.0000000 9.0000000 9.0000000 9.0000000 9.0000000 9.0000000 9.0000000 9.0000000 9.0000000 9.0000000 9.0000000 9.0000000 9.0000000 9.0000000 9.0000000 9.0000000 9.0000000 
Aretaon_asperrimus_assembly        8.9999985 9.0000000 9.0000000 9.0000000 9.0000000 3.6855692 9.0000000 9.0000000 9.0000000 9.0000000 9.0000000 9.0000000 9.0000000 9.0000000 9.0000000 9.0000000 9.0000000 9.0000000 9.0000000 0.0000000 4.1786393 4.2746463 4.1623082 3.2158359 0.8225007 0.6457328 0.6766364 0.7022843 0.6642905 3.4595090 0.7507419 4.1246619 4.3104742 4.9644814 4.3828133 
Carasisus_morosus_assembly         8.9999990 9.0000000 9.0000000 9.0000000 9.0000000 3.7032659 9.0000000 9.0000000 9.0000000 9.0000000 9.0000000 9.0000000 9.0000000 9.0000000 9.0000000 9.0000000 9.0000000 9.0000000 9.0000000 4.1786393 0.0000000 0.7701031 0.8020136 3.6174317 3.5616735 3.3383562 3.2509659 3.2347488 3.7467051 4.1782313 3.6522693 4.4466631 3.9723910 5.3431831 4.2661018 
Micrarchus_hystriculeus_assembly   8.9999986 9.0000000 9.0000000 9.0000000 9.0000000 3.6377296 9.0000000 9.0000000 9.0000000 9.0000000 9.0000000 9.0000000 9.0000000 9.0000000 9.0000000 9.0000000 9.0000000 9.0000000 9.0000000 4.2746463 0.7701031 0.0000000 0.0901055 3.4276399 3.1532158 3.3477497 3.2367953 3.1457517 3.6742666 3.6620996 3.7329758 4.0128750 3.5851731 4.4255720 4.2468879 
Micrarchus_sp_assembly             8.9999984 9.0000000 9.0000000 9.0000000 9.0000000 3.8464372 9.0000000 9.0000000 9.0000000 9.0000000 9.0000000 9.0000000 9.0000000 9.0000000 9.0000000 9.0000000 9.0000000 9.0000000 9.0000000 4.1623082 0.8020136 0.0901055 0.0000000 3.6744271 3.1959993 3.3635167 3.4482798 3.3218798 3.6667728 3.5621014 3.8137390 4.0060561 3.7307810 4.4219086 4.6155623 
Spinotectarchus_acornutus_assembly 8.9999987 9.0000000 9.0000000 9.0000000 9.0000000 0.3311379 9.0000000 9.0000000 9.0000000 9.0000000 9.0000000 9.0000000 9.0000000 9.0000000 9.0000000 9.0000000 9.0000000 9.0000000 9.0000000 3.2158359 3.6174317 3.4276399 3.6744271 0.0000000 3.0365876 2.5448702 2.8491411 3.2700030 2.8608456 2.8075743 3.2936819 0.5832612 0.5338968 0.6390828 0.5806096 
Asteliaphasma_jucundum_assembly    8.9999983 9.0000000 9.0000000 9.0000000 9.0000000 3.7377800 9.0000000 9.0000000 9.0000000 9.0000000 9.0000000 9.0000000 9.0000000 9.0000000 9.0000000 9.0000000 9.0000000 9.0000000 9.0000000 0.8225007 3.5616735 3.1532158 3.1959993 3.0365876 0.0000000 0.2060515 0.2065999 0.2155761 0.1998505 2.9379471 0.2270436 4.5307013 4.6434294 4.9481325 5.1211422 
Tectarchus_salebrosus_assembly     8.9999983 9.0000000 9.0000000 9.0000000 9.0000000 3.4697543 9.0000000 9.0000000 9.0000000 9.0000000 9.0000000 9.0000000 9.0000000 9.0000000 9.0000000 9.0000000 9.0000000 9.0000000 9.0000000 0.6457328 3.3383562 3.3477497 3.3635167 2.5448702 0.2060515 0.0000000 0.1383783 0.1618603 0.1378963 2.3355870 0.1984600 3.8261898 3.7812528 4.4826463 4.3526877 
Tectarchus_ovobsessus_assembly     8.9999990 9.0000000 9.0000000 9.0000000 9.0000000 3.3678481 9.0000000 9.0000000 9.0000000 9.0000000 9.0000000 9.0000000 9.0000000 9.0000000 9.0000000 9.0000000 9.0000000 9.0000000 9.0000000 0.6766364 3.2509659 3.2367953 3.4482798 2.8491411 0.2065999 0.1383783 0.0000000 0.1587936 0.1346648 2.5981010 0.1783198 3.9383981 3.8421035 4.8473343 4.7831951 
Argosarchus_horridus_assembly      8.9999984 9.0000000 9.0000000 9.0000000 9.0000000 3.7969444 9.0000000 9.0000000 9.0000000 9.0000000 9.0000000 9.0000000 9.0000000 9.0000000 9.0000000 9.0000000 9.0000000 9.0000000 9.0000000 0.7022843 3.2347488 3.1457517 3.3218798 3.2700030 0.2155761 0.1618603 0.1587936 0.0000000 0.1251887 2.3960167 0.1892986 4.4832853 4.0583401 4.6935397 4.7786956 
Acanthoxyla_sp_assembly            8.9999986 9.0000000 9.0000000 9.0000000 9.0000000 3.4979467 9.0000000 9.0000000 9.0000000 9.0000000 9.0000000 9.0000000 9.0000000 9.0000000 9.0000000 9.0000000 9.0000000 9.0000000 9.0000000 0.6642905 3.7467051 3.6742666 3.6667728 2.8608456 0.1998505 0.1378963 0.1346648 0.1251887 0.0000000 2.5424177 0.1850042 4.0632276 3.8297567 4.7259565 4.8174859 
Clitarchus_hookeri_assembly        8.9999989 9.0000000 9.0000000 9.0000000 9.0000000 3.4453493 9.0000000 9.0000000 9.0000000 9.0000000 9.0000000 9.0000000 9.0000000 9.0000000 9.0000000 9.0000000 9.0000000 9.0000000 9.0000000 3.4595090 4.1782313 3.6620996 3.5621014 2.8075743 2.9379471 2.3355870 2.5981010 2.3960167 2.5424177 0.0000000 2.5369941 3.4965350 3.6395498 3.9517572 3.5650271 
Niveaphasma_anulata_assembly       8.9999988 9.0000000 9.0000000 9.0000000 9.0000000 3.6934964 9.0000000 9.0000000 9.0000000 9.0000000 9.0000000 9.0000000 9.0000000 9.0000000 9.0000000 9.0000000 9.0000000 9.0000000 9.0000000 0.7507419 3.6522693 3.7329758 3.8137390 3.2936819 0.2270436 0.1984600 0.1783198 0.1892986 0.1850042 2.5369941 0.0000000 4.5129555 4.1382810 5.1288100 4.8988189 
Rumulus_artemis_assembly           8.9999987 9.0000000 9.0000000 9.0000000 9.0000000 0.5658444 9.0000000 9.0000000 9.0000000 9.0000000 9.0000000 9.0000000 9.0000000 9.0000000 9.0000000 9.0000000 9.0000000 9.0000000 9.0000000 4.1246619 4.4466631 4.0128750 4.0060561 0.5832612 4.5307013 3.8261898 3.9383981 4.4832853 4.0632276 3.4965350 4.5129555 0.0000000 0.3886023 0.7848319 0.7774101 
Medauroidea_extradentata_assembly  8.9999987 9.0000000 9.0000000 9.0000000 9.0000000 0.6037136 9.0000000 9.0000000 9.0000000 9.0000000 9.0000000 9.0000000 9.0000000 9.0000000 9.0000000 9.0000000 9.0000000 9.0000000 9.0000000 4.3104742 3.9723910 3.5851731 3.7307810 0.5338968 4.6434294 3.7812528 3.8421035 4.0583401 3.8297567 3.6395498 4.1382810 0.3886023 0.0000000 0.7822714 0.7910041 
Peruphasma_schultei_assembly       8.9999981 9.0000000 9.0000000 9.0000000 9.0000000 0.6345618 9.0000000 9.0000000 9.0000000 9.0000000 9.0000000 9.0000000 9.0000000 9.0000000 9.0000000 9.0000000 9.0000000 9.0000000 9.0000000 4.9644814 5.3431831 4.4255720 4.4219086 0.6390828 4.9481325 4.4826463 4.8473343 4.6935397 4.7259565 3.9517572 5.1288100 0.7848319 0.7822714 0.0000000 0.8070867 
Phyllium_siccifollium_assembly     8.9999982 9.0000000 9.0000000 9.0000000 9.0000000 0.7297344 9.0000000 9.0000000 9.0000000 9.0000000 9.0000000 9.0000000 9.0000000 9.0000000 9.0000000 9.0000000 9.0000000 9.0000000 9.0000000 4.3828133 4.2661018 4.2468879 4.6155623 0.5806096 5.1211422 4.3526877 4.7831951 4.7786956 4.8174859 3.5650271 4.8988189 0.7774101 0.7910041 0.8070867 0.0000000 
